1.000e-03 3.587e-03 5.197e+03 
1.500e-03 6.601e-03 2.344e+03 
2.000e-03 9.620e-03 1.274e+03 
2.484e-03 1.240e-02 7.900e+02 
2.484e-03 1.240e-02 1.385e+03 
2.534e-03 1.268e-02 1.636e+03 
2.586e-03 1.297e-02 1.933e+03 
2.586e-03 1.297e-02 2.439e+03 
3.000e-03 1.525e-02 1.955e+03 
3.066e-03 1.560e-02 1.847e+03 
3.066e-03 1.560e-02 2.136e+03 
3.301e-03 1.684e-02 1.782e+03 
3.554e-03 1.813e-02 1.486e+03 
3.554e-03 1.813e-02 1.575e+03 
3.699e-03 1.887e-02 1.432e+03 
3.851e-03 1.963e-02 1.302e+03 
3.851e-03 1.963e-02 1.358e+03 
4.000e-03 2.037e-02 1.242e+03 
5.000e-03 2.516e-02 7.223e+02 
6.000e-03 2.970e-02 4.598e+02 
8.000e-03 3.807e-02 2.227e+02 
1.000e-02 4.540e-02 1.257e+02 
1.304e-02 5.435e-02 6.315e+01 
1.304e-02 5.435e-02 1.583e+02 
1.500e-02 5.920e-02 1.083e+02 
1.520e-02 5.964e-02 1.045e+02 
1.520e-02 5.964e-02 1.453e+02 
1.553e-02 6.037e-02 1.381e+02 
1.586e-02 6.112e-02 1.313e+02 
1.586e-02 6.112e-02 1.517e+02 
2.000e-02 6.897e-02 8.404e+01 
3.000e-02 8.228e-02 2.894e+01 
4.000e-02 9.019e-02 1.344e+01 
5.000e-02 9.478e-02 7.387e+00 
6.000e-02 9.734e-02 4.530e+00 
8.000e-02 9.923e-02 2.112e+00 
8.800e-02 9.928e-02 1.647e+00 
8.800e-02 9.928e-02 7.421e+00 
1.000e-01 9.894e-02 5.336e+00 
1.500e-01 9.484e-02 1.910e+00 
2.000e-01 8.966e-02 9.360e-01 
3.000e-01 8.036e-02 3.733e-01 
4.000e-01 7.310e-02 2.148e-01 
5.000e-01 6.734e-02 1.499e-01 
6.000e-01 6.263e-02 1.167e-01 
8.000e-01 5.537e-02 8.408e-02 
1.000e+00 4.993e-02 6.803e-02 
1.022e+00 4.944e-02 6.676e-02 
1.250e+00 4.476e-02 5.682e-02 
1.500e+00 4.075e-02 5.088e-02 
2.000e+00 3.482e-02 4.530e-02 
2.044e+00 3.441e-02 4.504e-02 
3.000e+00 2.744e-02 4.200e-02 
4.000e+00 2.290e-02 4.178e-02 
5.000e+00 1.978e-02 4.260e-02 
6.000e+00 1.749e-02 4.382e-02 
7.000e+00 1.572e-02 4.522e-02 
8.000e+00 1.431e-02 4.670e-02 
9.000e+00 1.315e-02 4.819e-02 
1.000e+01 1.219e-02 4.969e-02 
1.100e+01 1.137e-02 5.114e-02 
1.200e+01 1.066e-02 5.257e-02 
1.300e+01 1.004e-02 5.396e-02 
1.400e+01 9.504e-03 5.530e-02 
1.500e+01 9.022e-03 5.656e-02 
1.600e+01 8.591e-03 5.776e-02 
1.800e+01 7.853e-03 6.000e-02 
2.000e+01 7.243e-03 6.205e-02 
2.200e+01 6.725e-03 6.393e-02 
2.400e+01 6.287e-03 6.569e-02 
2.600e+01 5.903e-03 6.730e-02 
2.800e+01 5.569e-03 6.881e-02 
3.000e+01 5.272e-03 7.022e-02 
4.000e+01 4.188e-03 7.610e-02 
5.000e+01 3.496e-03 8.056e-02 
6.000e+01 3.014e-03 8.408e-02 
8.000e+01 2.376e-03 8.934e-02 
1.000e+02 1.972e-03 9.310e-02 
1.500e+02 1.405e-03 9.909e-02 
2.000e+02 1.101e-03 1.027e-01 
3.000e+02 7.807e-04 1.069e-01 
4.000e+02 6.112e-04 1.093e-01 
5.000e+02 5.060e-04 1.109e-01 
6.000e+02 4.333e-04 1.121e-01 
8.000e+02 3.383e-04 1.136e-01 
1.000e+03 2.784e-04 1.146e-01 
1.500e+03 1.944e-04 1.160e-01 
2.000e+03 1.505e-04 1.168e-01 
3.000e+03 1.046e-04 1.177e-01 
4.000e+03 8.077e-05 1.181e-01 
5.000e+03 6.603e-05 1.184e-01 
6.000e+03 5.601e-05 1.186e-01 
8.000e+03 4.313e-05 1.188e-01 
1.000e+04 3.523e-05 1.190e-01 
1.500e+04 2.434e-05 1.192e-01 
2.000e+04 1.872e-05 1.194e-01 
3.000e+04 1.291e-05 1.195e-01 
4.000e+04 9.908e-06 1.196e-01 
5.000e+04 8.068e-06 1.196e-01 
6.000e+04 6.821e-06 1.196e-01 
8.000e+04 5.232e-06 1.197e-01 
1.000e+05 4.255e-06 1.197e-01 
